27753 42802
5874 6071
25544 34617
30553 27711
4055 43185
47549 14054
45660 2290
28616 353
26028 6296
26506 47720
7 35648
8900 26502
8607 35510
41231 11624
47842 34521
21121 225
29893 1499
38761 30432
41323 39607
34996 28120
42747 21974
49695 23711
26063 6207
6704 22796
37814 39167
8585 29531
9013 25628
14111 13616
3669 39638
19143 6307
44640 3074
26464 36685
4259 25950
2272 39146
49711 18709
3042 22748
5873 17119
17626 1788
27139 32879
27528 25248
26504 5224
31244 16422
19951 9614
45754 6046
35513 13124
40223 45602
28079 718
5808 33418
40648 2432
21151 32868
17828 33100
47030 43783
42968 39599
5785 1693
45346 20483
34534 22196
4395 11427
43476 34758
41019 29749
36256 16265
2190 2493
10173 43246
44880 38158
27532 37875
31 15302
17162 39604
32986 27643
11663 31707
33032 1183
20132 27855
39556 4643
1984 34005
34183 8366
3699 27425
47430 20968
36939 34625
20198 31678
44782 23248
2445 24291
17181 21937
39741 4567
43046 21553
29486 16259
33586 31642
48089 14774
34951 41375
48077 35256
47376 36437
3988 19952
131 36243
48344 38745
26674 13059
17080 29151
43680 12629
18881 38933
24177 21288
37175 19992
23180 11701
19209 47678
37165 16034
17986 19394
41909 30726
16466 19414
31745 10091
17370 9967
30115 21888
5400 34946
44837 35762
21806 29041
1627 2488
19915 29073
33592 25890
10517 2137
47744 33660
23718 36668
41994 21092
34710 29444
10030 20368
15748 4963
32227 10085
11837 9017
7542 28610
17076 16702
39231 48810
19903 44308
1666 2227
48194 6098
25382 27341
20906 33838
1376 29133
45334 38445
36868 30296
49930 767
37674 47461
7370 7451
27083 21239
5087 44632
18488 17538
40770 45845
37538 43297
35453 18277
15712 2192
39867 38885
18159 49456
1057 4259
10137 12905
23795 31579
34512 10189
1201 40573
12215 2030
9265 40138
13560 42845
6763 48833
33420 21239
27503 44232
16274 10158
20237 44120
28170 9098
11100 44083
40135 19940
9072 42535
26178 14209
14291 38426
47869 5328
10985 27365
2928 16336
16251 5461
12268 39699
1432 27387
20648 24477
9329 33580
13356 41042
17343 23205
1758 36386
3542 40250
15333 39334
33194 37350
2841 12829
29337 35306
30621 22369
35555 34098
34692 21422
33579 26226
13777 18511
42071 15991
39886 144
39026 30630
21150 7276
8632 19367
13644 28439
10097 38395
41155 41478
10285 33528
12130 15580
39445 17930
9218 22188
8600 28765
3188 10041
44568 35291
11836 9244
49578 43452
39109 7621
935 39509
45283 7790
32578 41769
30233 12849
24169 46642
28036 29963
8367 47970
11381 49867
45024 37300
41965 16660
10855 12347
21219 1656
39747 19148
15056 20936
34638 30047
27991 43781
28356 6879
3669 25332
44067 41271
2126 29138
11473 35377
10825 14685
5303 11762
17378 39830
42781 17434
41312 19830
19882 42728
47287 43292
48385 28066
10580 12531
47045 44442
44476 7495
38079 1654
6890 2730
40774 14162
33059 9535
3568 34826
39781 35973
44535 4853
23913 18362
4313 34043
22052 33764
39739 27862
10761 9946
4643 16411
34529 19441
34442 3425
10706 14350
13041 879
36664 35971
17914 39212
18750 30563
11175 23222
24083 17201
3064 42305
9168 17525
39799 47658
14217 16293
7671 42870
3561 9991
36346 10545
25017 19821
19692 30411
43473 36330
48006 36251
9224 19565
18660 28808
14077 49324
17313 48770
33296 44534
24954 49414
37146 42323
7440 42073
19537 3772
23628 13665
23081 18685
19085 13626
43731 47100
566 13877
159 30091
27585 19220
35960 32275
48623 9998
42645 5377
11142 41630
2526 18528
33849 11591
42794 45312
10180 25018
44248 3321
22322 38440
8603 27764
14354 42949
24953 41221
41194 9987
14391 26744
18672 32804
9240 14114
30287 18652
6612 13266
21628 23276
18077 22053
43445 12776
25950 10931
26532 14050
35626 41617
45720 42532
36205 6205
38952 6675
48180 39935
2680 19446
5877 12920
18223 23174
30780 18691
45466 16338
30442 46760
1270 846
3307 4783
49916 2208
45291 40162
12893 6824
39731 38372
558 29115
2396 16929
49 32264
22707 29309
8639 19389
37825 28585
3766 1372
36056 19048
36057 28829
9870 13640
39933 791
1165 1775
16487 5579
44912 36982
49144 30805
47011 36624
26980 42560
10992 35059
35221 23786
48701 43711
10379 8877
35656 4104
33568 4628
7359 36622
30270 15081
34292 5898
46430 36183
20421 21021
41857 11893
2059 45639
4688 14425
19403 14255
33163 13407
42535 11714
13643 32995
11232 8169
9672 6189
45062 10072
11701 41100
3344 10745
1139 6504
18563 14364
41340 16838
5763 3420
19937 46200
23834 29772
29055 19284
43781 18051
39689 26348
10021 29841
24192 42316
8416 48029
34138 8599
30911 32626
39913 17337
9271 32844
25514 7486
25278 32819
37839 574
14226 16385
17537 37704
21743 31021
14215 34508
5449 14715
2013 17800
24391 19491
26380 12727
9154 35913
11227 141
605 14250
5221 22654
10844 11993
45939 29094
29465 21991
36153 32273
23366 25952
36700 39727
33132 49871
34867 39331
16597 37040
23168 25620
45579 32251
40400 8371
24242 28906
22349 33520
20157 31808
15966 18947
32495 44635
42073 3978
12739 5631
37642 36011
46567 9945
5499 27542
4533 15987
29140 43697
43429 22376
18833 38991
361 17058
45010 40887
21369 17775
19875 33233
3316 15141
17158 13334
1510 20742
5266 34953
33605 36991
44345 7942
33910 7424
5928 49057
1898 23203
8997 47003
17751 1985
14096 33896
4920 21901
3437 22035
11025 36223
15271 5613
22787 41234
47886 47286
26357 31634
17300 44464
17273 648
49633 14429
44217 20749
46072 12065
43805 40452
24975 28530
40675 35324
2606 15341
2453 43848
23337 49326
30094 15220
42542 23017
21948 17246
3267 42336
39486 44267
18439 18421
40794 40868
36101 44730
39249 30896
48755 8032
20484 6961
31324 21760
45820 5445
23976 28729
24101 49122
46666 29384
14434 10819
22577 5250
24404 7859
1619 8420
16011 5336
15346 17701
7702 31784
7157 34402
8379 40954
45395 23049
38520 7628
31382 44497
31933 9840
28669 45150
25697 14132
9102 20005
44431 6687
17521 31868
47929 16762
5 23565
30915 19356
622 3828
38750 49270
30724 14551
28534 23434
9385 10064
4278 44695
40126 19694
33669 21363
49817 1489
48348 28281
39216 10465
33760 7097
41066 38693
15991 20600
42806 39476
17265 2689
5181 4624
16928 29920
41074 744
10134 17517
4078 14599
5589 35862
36576 10011
9757 28969
46650 5152
23266 13941
27591 5216
14337 29837
41794 20778
11442 20583
23960 19643
10669 39250
48043 40727
15625 34894
49603 24569
33063 5908
19753 17361
43143 2693
40849 38834
10368 18569
41117 20894
33951 24352
40868 21849
46148 36976
21867 15066
24058 4089
7460 32921
45939 14888
28545 10798
45351 47798
1664 35657
1168 45442
44368 4441
39709 35631
24055 14796
15159 30286
41142 10482
5756 18118
19124 38788
42972 44925
166 36115
42208 39677
1258 29026
4476 33707
18269 28688
37707 48656
24534 23250
31896 49525
42097 8381
9767 34932
6159 15610
40365 23944
25555 14087
44204 42182
33174 11444
9139 5642
4815 18363
25067 39438
30339 42979
19457 48775
45885 3951
49179 9889
1085 4987
10628 32472
44294 41097
24388 32863
2569 16883
10613 26709
1340 2313
12642 28149
29134 22224
3162 39051
5387 17430
47568 43161
45344 1819
9028 45428
3451 13970
39766 17316
40641 36791
223 30615
19346 46026
38097 45278
19744 35334
43123 39364
1541 3505
7459 21660
2489 32136
36693 20257
17851 12594
16223 43296
44070 13544
12765 12564
7890 12059
1534 40832
42079 35947
38618 47797
18993 10322
8892 6254
14580 44086
39873 41852
43915 34452
29017 2040
15899 13170
33528 34285
28857 9434
21256 42153
15312 27651
5903 37322
45990 3835
29836 13353
28486 30668
3978 27677
2129 18666
38353 33572
23613 9898
3579 17522
38995 46419
16173 44344
38989 703
23003 42620
7775 20530
4581 11849
12706 33667
23433 44938
43767 14782
45945 10663
16375 43441
28743 32371
3476 32437
34219 34749
40761 19566
2163 47871
42829 18629
16611 22937
11789 32769
29292 8822
491 31935
2486 3461
46790 24658
2400 38076
26048 24622
23561 48146
33699 27641
29609 9773
27203 17053
36968 38135
33745 45598
23565 33058
723 35132
20736 33187
30104 19751
2433 16534
19021 12622
29603 14163
6541 1386
30815 22122
39635 16608
2881 29249
17414 22654
37911 15367
30540 45206
14225 4859
48758 18042
10092 29491
19346 28172
37176 2884
16457 6875
46204 44402
43389 4798
38038 33749
5297 9726
1063 40008
42614 6353
35670 10984
39094 5414
40817 41789
15572 40009
1971 14711
22755 12138
12752 24740
27137 22500
31786 36505
20329 7446
49475 16412
3455 21628
33733 30882
36949 1059
41636 36047
23880 35995
31207 22491
32827 22794
22316 2465
16482 34053
31173 9382
25590 49491
44901 35236
6169 14514
22343 28439
16459 49791
33009 30724
17938 36042
38723 24990
28433 36808
30442 32024
37662 16438
8664 43054
31811 1175
6622 47586
43351 25908
9127 48862
8935 15807
28263 49178
32971 2768
39299 40189
16573 31111
17313 3019
10981 13939
41233 29096
36378 25540
11781 44465
49945 21381
48375 7052
1130 15160
23021 14789
17235 14210
5337 14237
26419 3924
19955 39488
609 37402
34681 8058
36548 32689
16204 14800
18479 25084
41212 22655
24785 1665
6061 34321
28163 11706
39373 23498
30075 20213
12348 42341
49782 36822
11482 7991
2039 47839
37236 45835
38424 3497
27793 32281
16506 15837
23450 40341
21024 6623
27843 39407
36049 21111
25987 21685
34032 34283
24873 16095
33349 36140
384 33384
11568 17545
30531 41324
17695 14146
441 32558
47371 10764
28038 36371
25965 25509
8795 19418
16727 21616
17710 41396
22639 34967
15334 31283
30447 41217
13201 17693
7878 48690
29849 48966
17457 32472
26830 46362
6965 3520
16651 44229
370 41791
12997 32937
6119 5650
32541 18518
7958 31440
45575 24257
11064 47886
6596 9378
10424 26193
19465 32166
6735 45258
2589 36263
45756 37967
29749 44686
1048 10432
33741 5490
28808 16512
44394 27614
13693 16200
35553 38150
37852 47827
43340 11252
1261 5189
927 32303
8860 47528
20878 8256
3304 47669
32866 31527
34687 33441
14488 39396
34200 31100
39815 28888
49371 48275
11543 29302
16889 36849
9388 45292
27576 7898
6674 4695
6726 17534
18351 38797
22299 15339
43518 39458
42125 34581
20858 31107
36484 64
45067 25480
48935 28289
36577 20928
40551 37814
20406 25180
7008 33895
35972 31918
8988 2617
46116 13389
27835 48802
2128 2949
43705 11215
46055 5287
25899 34394
12599 34495
26846 20103
305 6516
49069 18177
22430 46532
26626 14579
40355 14384
37336 40345
29848 7397
9107 32755
31529 27966
17887 46857
26195 20901
41556 10565
25368 20527
41789 16315
2243 29252
24800 13367
32124 27594
45468 731
8444 18033
7114 13745
43156 12781
32840 4229
9974 37606
7106 49845
26659 30968
44241 18463
38628 10803
8295 27498
4535 42614
22882 42515
31962 21089
28515 24055
410 3399
12128 17726
33461 26364
46178 9037
6174 48048
9469 38407
46252 4119
32920 38650
17564 49722
36634 21982
20657 41369
31374 25041
16579 20418
1163 6009
34128 28094
21891 5764
36567 35583
1541 18943
3584 35413
11548 39120
46125 38757
29726 33838
42996 40537
40378 6738
16175 9422
4469 35502
49433 16185
42476 19180
49960 11046
24845 2817
34889 44311
39238 45210
10323 17143
32139 1554
43350 9460
42225 42972
1301 41936
43393 7899
18810 31720
4854 13915
33879 33000
15853 15071
31740 16950
12399 40166
34298 17501
33900 33490
2634 18521
28039 12999
10110 48473
34076 14480
8452 39138
23847 31054
20327 13712
16945 3275
42668 17270
30450 26241
43684 37753
39394 34702
30841 43525
21821 295
32294 40396
17389 46264
8938 8693
9036 10001
37084 43639
26229 26183
42865 11611
25454 14086
39233 17029
13740 31741
48139 39156
49899 37128
42040 27476
38144 42128
24150 20975
34132 22386
5446 37279
9987 45086
32897 38832
35232 17501
18024 15859
16846 46280
15091 5810
15631 40850
45536 1664
12740 43905
30588 27741
16225 29437
5742 9555
31481 44530
26345 25646
12996 22368
43164 46596
38284 6254
10646 18056
35676 22856
8980 2353
25891 49831
30195 4608
26714 35065
31196 8909
45645 26153
5172 29583
45852 49496
11686 33162
21143 37860
47118 4661
41840 28855
46873 18359
31401 32574
29873 26804
46516 28124
31438 18167
2944 39561
43477 1993
34297 33628
23368 1558
19448 15899
12601 27869
